2
ÉLÉbÉh
(ñ¢ìoò^)
555
4
11824
0
0
28769
0
9
0
0
67982
8
Ç®Ç›Çª
(ñ¢ìoò^)
555
2
1907
0
0
19353
-51
-50
8000
12000
34944
7
Ç‰Ç‰Ç§
(ñ¢ìoò^)
555
12
3027
0
200
9397
5
7
8000
6068
1998
24
ÇøÇÂÇÎ
(ñ¢ìoò^)
555
12
607
0
200
824
0
0
23917
8684
0
34
ke.yaza
(ñ¢ìoò^)
555
4
1100
0
0
1630
0
-3
4000
6313
4113
3
É^ÉJÉV
(ñ¢ìoò^)
555
1
600
0
0
1052
0
0
0
0
0
9
akai
(ñ¢ìoò^)
555
1
19
0
200
66
0
1
4000
0
0
19
ÉgÉR
(ñ¢ìoò^)
555
6
0
0
200
1485
0
15
0
0
0
11
îLñ⁄
(ñ¢ìoò^)
555
1
0
0
2400
713
0
22
4000
0
0
37
å¥ìcímê¢
(ñ¢ìoò^)
555
0
0
0
400
537
0
16
4000
0
0
