0100009000010000000022000220082200022001000000000000000000000000000000000000000000000000000000000000
2200101000010002200122005000000100022006220060000000000000000000000000000000000000000000000000000000
0000000000000002200824000000010000000000000000000000000000000000000000000000000000000000000000000000
0000000000000010000100000000000000000000000000000000000000000000000000000000000000000000000000000000
0000024000090002400000000000000000000000000000000000000000000000000000000000000000000000000000000000
0000000000000010000100000000000000001000010000100001000010000100000000010000100008100000000000000000
0000000000000000000000000240000000001000010000100001000010002900000001010000100001000000000000000000
0000000000000000000100000000000000001000010000100001000010000100001000880030100000000000000000005600
000000000000000010000100014019010000100001000010000100001000010004400a000010100001000000000000000000
0000000000000000100001000010000100001000010000100001000010001c0bd01000010000100001000000010000000000
0000000000010000900501000010000100001000010000100001000260091c064030c8010000900001000000000000000000
00000000000000000000010000a0330100001000010000100001000090c81c0fd040c8010000100024000000000000000000
000000000000001010000000001000010000100001000010000934509000030c8030c82c0002400000000000000000000000
0000000000000010900001000160320100001000010000100009000010000800001000010000000100001000000000000000
0000000000000010100000000000010100001000010000100001000000010000100001240000000000000000000000000000
0000000000000000000109000000010000000000000010000000000000000000000000000000000000000000000000000000
0000000000000000000124000000000000000000000000000000000000000000000000000000000000000000000000000000
0000000000000000000000000000000000000000000000000000000000000000000000000000000000000010000100000000
0000000000000000000000000000000000000000000000d0110d0110000000000000000000000000010000d04b0100000000
0000000000000000000000000000000000000000000000d0110d0110d0110000000000000000000000000010000100000000
101,0,0,0,0
101,0,0,0,0
101,0,0,0,0
101,0,0,0,0
101,0,0,0,0
101,0,0,0,0
101,0,0,0,0
101,0,0,0,0
101,0,0,0,0
101,0,0,0,0
101,0,0,0,0
101,0,0,0,0
101,0,0,0,0
101,0,0,0,0
101,0,0,0,0
101,0,0,0,0
101,0,0,0,0
101,0,0,0,0
101,0,0,0,0
101,0,0,0,0
101,0,0,0,0
101,0,0,0,0
101,0,0,0,0
101,0,0,0,0
101,0,0,0,0
101,0,0,0,0
101,0,0,0,0
101,0,0,0,0
101,0,0,0,0
101,0,0,0,0
101,0,0,0,0
101,0,0,0,0
101,0,0,0,0
101,0,0,0,0
101,0,0,0,0
101,0,0,0,0
101,0,0,0,0
101,0,0,0,0
101,0,0,0,0
101,0,0,0,0
0<<1>957：キッド>ここのサイトは一旦閉鎖いたします(&gt;_&lt;) 新しいサイトを送ります(&gt;_&lt;)
0<<1>860：とこ>最近サーバが重くなったのだろうか
0<<1>648：とこ>起きたら電力不足は笑ってしまった
0<KID島<0>647：キッド>コンデンサを作った方が良いです！
0<<1>613：とこ>大量の資金援助にビビる
0<<1>611：とこ>ありがとうございます
0<KID島<0>610：キッド>記念碑建設、数量17です！
0<<1>592：とこ>ロケットの作り方がわからんちん
0<KID島<0>535：キッド>【３０分更新】土日祝・・・「午前１０時〜夜１０時」！
0<KID島<0>535：キッド>【３０分更新】今日の１５時〜！
0<KID島<0>535：キッド>【結果】賛成４(時間指定欲しい：１)、反対０、お任せ１。
0<KID島<0>534：キッド>土日祝は「３０分更新」にするのは賛成ですか？ 返信方法は「極秘」でKID島に送ってください！土日祝は「３０分更新」にするのは賛成ですか？ 返信方法は「極秘」でKID島に送ってください！土日祝は「３０分更新」にするのは賛成ですか？ 返信方法は「極秘」でKID島に送ってください！土日祝は「３０分更新」にするのは賛成ですか？ 返信方法は「極秘」でKID島に送ってください！土日祝は「３０分更新」にするのは賛成ですか？ 返信方法は「極秘」でKID島に送ってください！土日祝は「３０分更新」にするのは賛成ですか？ 返信方法は「極秘」でKID島に送ってください！土日祝は「３０分更新」にするのは賛成ですか？ 返信方法は「極秘」でKID島に送ってください！土日祝は「３０分更新」にするのは賛成ですか？ 返信方法は「極秘」でKID島に送ってください！土日祝は「３０分更新」にするのは賛成ですか？ 返信方法は「極秘」でKID島に送ってください！土日祝は「３０分更新」にするのは賛成ですか？ 返信方法は「極秘」でKID島に送ってください！土日祝は「３０分更新」にするのは賛成ですか？ 返信方法は「極秘」でKID島に送ってください！土日祝は「３０分更新」にするのは賛成ですか？ 返信方法は「極秘」でKID島に送ってください！土日祝は「３０分更新」にするのは賛成ですか？ 返信方法は「極秘」でKID島に送ってください！土日祝は「３０分更新」にするのは賛成ですか？ 返信方法は「極秘」でKID島に送ってください！土日祝は「３０分更新」にするのは賛成ですか？ 返信方法は「極秘」でKID島に送ってください！土日祝は「３０分更新」にするのは賛成ですか？ 返信方法は「極秘」でKID島に送ってください！土日祝は「３０分更新」にするのは賛成ですか？ 返信方法は「極秘」でKID島に送ってください！土日祝は「３０分更新」にするのは賛成ですか？ 返信方法は「極秘」でKID島に送ってください！土日祝は「３０分更新」にするのは賛成ですか？ 返信方法は「極秘」でKID島に送ってください！土日祝は「３０分更新」にするのは賛成ですか？ 返信方法は「極秘」でKID島に送ってください！土日祝は「３０分更新」にするのは賛成ですか？ 返信方法は「極秘」でKID島に送ってください！土日祝は「３０分更新」にするのは賛成ですか？ 返信方法は「極秘」でKID島に送ってください！土日祝は「３０分更新」にするのは賛成ですか？ 返信方法は「極秘」でKID島に送ってください！土日祝は「３０分更新」にするのは賛成ですか？ 返信方法は「極秘」でKID島に送ってください！土日祝は「３０分更新」にするのは賛成ですか？ 返信方法は「極秘」でKID島に送ってください！土日祝は「３０分更新」にするのは賛成ですか？ 返信方法は「極秘」でKID島に送ってください！土日祝は「３０分更新」にするのは賛成ですか？ 返信方法は「極秘」でKID島に送ってください！土日祝は「３０分更新」にするのは賛成ですか？ 返信方法は「極秘」でKID島に送ってください！土日祝は「３０分更新」にするのは賛成ですか？ 返信方法は「極秘」でKID島に送ってください！土日祝は「３０分更新」にするのは賛成ですか？ 返信方法は「極秘」でKID島に送ってください！土日祝は「３０分更新」にするのは賛成ですか？ 返信方法は「極秘」でKID島に送ってください！土日祝は「３０分更新」にするのは賛成ですか？ 返信方法は「極秘」でKID島に送ってください！土日祝は「３０分更新」にするのは賛成ですか？ 返信方法は「極秘」でKID島に送ってください！土日祝は「３０分更新」にするのは賛成ですか？ 返信方法は「極秘」でKID島に送ってください！土日祝は「３０分更新」にするのは賛成ですか？ 返信方法は「極秘」でKID島に送ってください！土日祝は「３０分更新」にするのは賛成ですか？ 返信方法は「極秘」でKID島に送ってください！土日祝は「３０分更新」にするのは賛成ですか？ 返信方法は「極秘」でKID島に送ってください！土日祝は「３０分更新」にするのは賛成ですか？ 返信方法は「極秘」でKID島に送ってください！土日祝は「３０分更新」にするのは賛成ですか？ 返信方法は「極秘」でKID島に送ってください！土日祝は「３０分更新」にするのは賛成ですか？ 返信方法は「極秘」でKID島に送ってください！
0<KID島<0>492：キッド>うわぁぁぁ。技術的な問題なので、改善まで今しばらくお待ちくださいm(*_ _)m
0<<1>489：とこ>怪獣倒したらマスがバグってしまった
0<<1>442：とこ>ありがとうございます
