0700000001000000000100001000000000000000000000100001000000000000000000000000000000000000010000000000
220080100000001090190d04e000010000000000000000000000000000000000000000000000000000000000000000000000
2200501000000000100000001000000000000000000000000000000000000000000000000000100000000000002400000000
0000000000010000000000000000000000000000000000000000000000000000000000000000000001000000000000000000
000000000000000000000000000000000000000000000000000000000000000000000000001000010d011000000000000000
0000000000000000000000000000000000000000000000000000000000000000000000240000900024000000000000000000
0000000000000000000000000000002a1900000000001010001605001000070000100000001000010d04f000000000000000
00000000000000000000000000000000000010000000100001010002a12c2194f22003000000000000001000010000000000
0000000000000000000000000000000100000001160320000101000220002c00000000000002900009000000010000000000
0000000000000000000000000000000000036014209a00100001000220030700022007000000000000001240000000000000
00000000000000000000000000000001000010000800001000220010900a3700a01000000000000000000000000000000000
000000000000000000000000000000000001ffa01c0a520f0922000080002200601000000000000000000000002400000001
0000000000000001106422005387d00700026009220021606e01000000000800001000000000000000000000010900000001
000000000000000000000100001000387d0220013601436014010002a1900100000001000000000000000000000000100001
00000070000b0003503222008010000100001000fed000000000000000010100022001000000000000000000000000000001
000000000000000010000900501000000000000000000000000000000000000002a190220000000000000000000100001000
0000000000000000100001000000000000000000010000000000000000000000000000000000000000000010000308001000
000000000000000000000000000000000000000000000000000000000000000000000000000000010000000001220080d011
000000000000000000000000000000010000000000000000000000000000000000000000000000000000001000216c200000
0000000000000000000000000000000000000000000000000000000000000000000000000000000000000000000100000000
101,0,0,0,0
101,0,0,0,0
101,0,0,0,0
101,0,0,0,0
101,0,0,0,0
101,0,0,0,0
101,0,0,0,0
101,0,0,0,0
101,0,0,0,0
101,0,0,0,0
101,0,0,0,0
101,0,0,0,0
101,0,0,0,0
101,0,0,0,0
101,0,0,0,0
101,0,0,0,0
101,0,0,0,0
101,0,0,0,0
101,0,0,0,0
101,0,0,0,0
101,0,0,0,0
101,0,0,0,0
101,0,0,0,0
101,0,0,0,0
101,0,0,0,0
101,0,0,0,0
101,0,0,0,0
101,0,0,0,0
101,0,0,0,0
101,0,0,0,0
101,0,0,0,0
101,0,0,0,0
101,0,0,0,0
101,0,0,0,0
101,0,0,0,0
101,0,0,0,0
101,0,0,0,0
101,0,0,0,0
101,0,0,0,0
101,0,0,0,0
0<<1>957：キッド>ここのサイトは一旦閉鎖いたします(&gt;_&lt;) 新しいサイトを送ります(&gt;_&lt;)
0<<1>630：ke.yaza>隕石えぐぅー
0<KID島<0>535：キッド>【３０分更新】土日祝・・・「午前１０時〜夜１０時」！
0<KID島<0>535：キッド>【３０分更新】今日の１５時〜！
0<KID島<0>535：キッド>【結果】賛成４(時間指定欲しい：１)、反対０、お任せ１。
0<KID島<0>534：キッド>土日祝は「３０分更新」にするのは賛成ですか？ 返信方法は「極秘」でKID島に送ってください！土日祝は「３０分更新」にするのは賛成ですか？ 返信方法は「極秘」でKID島に送ってください！土日祝は「３０分更新」にするのは賛成ですか？ 返信方法は「極秘」でKID島に送ってください！土日祝は「３０分更新」にするのは賛成ですか？ 返信方法は「極秘」でKID島に送ってください！土日祝は「３０分更新」にするのは賛成ですか？ 返信方法は「極秘」でKID島に送ってください！土日祝は「３０分更新」にするのは賛成ですか？ 返信方法は「極秘」でKID島に送ってください！土日祝は「３０分更新」にするのは賛成ですか？ 返信方法は「極秘」でKID島に送ってください！土日祝は「３０分更新」にするのは賛成ですか？ 返信方法は「極秘」でKID島に送ってください！土日祝は「３０分更新」にするのは賛成ですか？ 返信方法は「極秘」でKID島に送ってください！土日祝は「３０分更新」にするのは賛成ですか？ 返信方法は「極秘」でKID島に送ってください！土日祝は「３０分更新」にするのは賛成ですか？ 返信方法は「極秘」でKID島に送ってください！土日祝は「３０分更新」にするのは賛成ですか？ 返信方法は「極秘」でKID島に送ってください！土日祝は「３０分更新」にするのは賛成ですか？ 返信方法は「極秘」でKID島に送ってください！土日祝は「３０分更新」にするのは賛成ですか？ 返信方法は「極秘」でKID島に送ってください！土日祝は「３０分更新」にするのは賛成ですか？ 返信方法は「極秘」でKID島に送ってください！土日祝は「３０分更新」にするのは賛成ですか？ 返信方法は「極秘」でKID島に送ってください！土日祝は「３０分更新」にするのは賛成ですか？ 返信方法は「極秘」でKID島に送ってください！土日祝は「３０分更新」にするのは賛成ですか？ 返信方法は「極秘」でKID島に送ってください！土日祝は「３０分更新」にするのは賛成ですか？ 返信方法は「極秘」でKID島に送ってください！土日祝は「３０分更新」にするのは賛成ですか？ 返信方法は「極秘」でKID島に送ってください！土日祝は「３０分更新」にするのは賛成ですか？ 返信方法は「極秘」でKID島に送ってください！土日祝は「３０分更新」にするのは賛成ですか？ 返信方法は「極秘」でKID島に送ってください！土日祝は「３０分更新」にするのは賛成ですか？ 返信方法は「極秘」でKID島に送ってください！土日祝は「３０分更新」にするのは賛成ですか？ 返信方法は「極秘」でKID島に送ってください！土日祝は「３０分更新」にするのは賛成ですか？ 返信方法は「極秘」でKID島に送ってください！土日祝は「３０分更新」にするのは賛成ですか？ 返信方法は「極秘」でKID島に送ってください！土日祝は「３０分更新」にするのは賛成ですか？ 返信方法は「極秘」でKID島に送ってください！土日祝は「３０分更新」にするのは賛成ですか？ 返信方法は「極秘」でKID島に送ってください！土日祝は「３０分更新」にするのは賛成ですか？ 返信方法は「極秘」でKID島に送ってください！土日祝は「３０分更新」にするのは賛成ですか？ 返信方法は「極秘」でKID島に送ってください！土日祝は「３０分更新」にするのは賛成ですか？ 返信方法は「極秘」でKID島に送ってください！土日祝は「３０分更新」にするのは賛成ですか？ 返信方法は「極秘」でKID島に送ってください！土日祝は「３０分更新」にするのは賛成ですか？ 返信方法は「極秘」でKID島に送ってください！土日祝は「３０分更新」にするのは賛成ですか？ 返信方法は「極秘」でKID島に送ってください！土日祝は「３０分更新」にするのは賛成ですか？ 返信方法は「極秘」でKID島に送ってください！土日祝は「３０分更新」にするのは賛成ですか？ 返信方法は「極秘」でKID島に送ってください！土日祝は「３０分更新」にするのは賛成ですか？ 返信方法は「極秘」でKID島に送ってください！土日祝は「３０分更新」にするのは賛成ですか？ 返信方法は「極秘」でKID島に送ってください！土日祝は「３０分更新」にするのは賛成ですか？ 返信方法は「極秘」でKID島に送ってください！土日祝は「３０分更新」にするのは賛成ですか？ 返信方法は「極秘」でKID島に送ってください！
0<<1>248：ke.yaza>いっぱいありますよ？
0<KID島<0>247：キッド>お金無さすぎ！！！資金援助しましょうか？(・∀・)ﾆﾔﾆﾔ
0<<1>243：ke.yaza>村整地してた。。。
0<KID島<0>235：キッド>まずは『平地』に『農場』を作ってください！
0<<0>>
0<<0>>
0<<0>>
0<<0>>
0<<0>>
