2
ÉLÉbÉh
(ñ¢ìoò^)
ÉLÉbÉhÉVÉeÉBÅ[
4
11744
0
0
29661
2
59
0
0
66730
8
Ç®Ç›Çª
(ñ¢ìoò^)
555
2
1907
0
0
1868
0
0
8000
12000
34209
7
Ç‰Ç‰Ç§
(ñ¢ìoò^)
555
12
3027
0
200
10053
0
11
8000
5931
1957
24
ÇøÇÂÇÎ
(ñ¢ìoò^)
555
12
607
0
200
5314
0
2
23671
8444
0
34
ke.yaza
(ñ¢ìoò^)
555
4
1100
0
0
7303
0
28
4000
6150
4023
3
É^ÉJÉV
(ñ¢ìoò^)
555
1
600
0
0
2357
0
-15
0
0
0
9
akai
(ñ¢ìoò^)
555
1
19
0
200
695
0
7
4000
0
0
19
ÉgÉR
(ñ¢ìoò^)
555
6
100
0
200
2222
0
32
0
0
0
11
îLñ⁄
(ñ¢ìoò^)
555
1
0
0
2400
602
0
26
4000
0
0
37
å¥ìcímê¢
(ñ¢ìoò^)
555
0
0
0
400
471
0
-5
4000
0
0
