0000000000000000000000000000000000000000000000000000000000000000000000000000000000000000000000000000
0000000000000000000000000000000000000000000000000000000000000000000000000000000000000000000000000000
0000000000000000000000000000000000000000000000000000000000000000000000000000000000000000000000000000
0000000000000000000000000000010100000001000000000000000000010000000000000000000000000000000000000000
0000000000000000000001000010000100001000000010000101000010000000100000000000000000000000000000000000
0000000000000002900001000010000100001000010000100001000010000100000000000000000000000000000000000000
0000000001010000100001000000010000101000010000100001000010000100000000000000000000000000000000000000
00000000000306401000010000000100000000010900503064010000500a0100001000000000000000000000000000000000
0000000001010000100001000000010000101000040c82200001000070000100014014000000000000000000000000000000
000000000000001010000100001000010000100001000010003a032010000100002000000000000000000000000000000000
000000000000001010000100001000010000100001000387d002000010000000000000000000000000000000000000000000
0000000000000010100001000010000100001000030640500a01000010000100000000000000000000000000000000000000
0000124000000010100001000010000200001000040c80500a09005010001ffa000000000000000000000000000000000000
0000101000010000100001000010000000100000010000100001000010000200000000000000000000000000000000000000
0100001000010000100001000010002400001000010000100001000010000000000000000000000000000000000000000000
0000101000010000000002000010002900000000010000200001000010000000000000000000000000000000000000000000
0000101000010000000000000000000000000000000010000100000000000000000000000000000000000000000000000000
0000000001000010000000000000000000000000000000000000000000000000000000000000000000000000000000000000
0000000000000000000000000000000000000000000000000000000000000000000000000000000000000000000000000000
0000000000000000000000000000000000000000000000000000000000000000000000000000000000000000000000102000
101,0,0,0,0
101,0,0,0,0
101,0,0,0,0
101,0,0,0,0
101,0,0,0,0
101,0,0,0,0
101,0,0,0,0
101,0,0,0,0
101,0,0,0,0
101,0,0,0,0
101,0,0,0,0
101,0,0,0,0
101,0,0,0,0
101,0,0,0,0
101,0,0,0,0
101,0,0,0,0
101,0,0,0,0
101,0,0,0,0
101,0,0,0,0
101,0,0,0,0
101,0,0,0,0
101,0,0,0,0
101,0,0,0,0
101,0,0,0,0
101,0,0,0,0
101,0,0,0,0
101,0,0,0,0
101,0,0,0,0
101,0,0,0,0
101,0,0,0,0
101,0,0,0,0
101,0,0,0,0
101,0,0,0,0
101,0,0,0,0
101,0,0,0,0
101,0,0,0,0
101,0,0,0,0
101,0,0,0,0
101,0,0,0,0
101,0,0,0,0
0<<1>957：キッド>ここのサイトは一旦閉鎖いたします(&gt;_&lt;) 新しいサイトを送ります(&gt;_&lt;)
0<<0>>
0<<0>>
0<<0>>
0<<0>>
0<<0>>
0<<0>>
0<<0>>
0<<0>>
0<<0>>
0<<0>>
0<<0>>
0<<0>>
0<<0>>
0<<0>>
