2
ÉLÉbÉh
(ñ¢ìoò^)
555
4
11844
0
0
8314
0
-20
0
0
68289
8
Ç®Ç›Çª
(ñ¢ìoò^)
555
2
1907
0
0
1888
0
0
8000
12000
35244
7
Ç‰Ç‰Ç§
(ñ¢ìoò^)
555
13
3027
0
200
9164
1
-18
8000
6133
2015
24
ÇøÇÂÇÎ
(ñ¢ìoò^)
555
12
607
0
200
889
0
0
23978
8772
0
34
ke.yaza
(ñ¢ìoò^)
555
4
1100
0
0
6892
0
16
4000
6347
4127
3
É^ÉJÉV
(ñ¢ìoò^)
555
1
600
0
0
67
0
0
0
0
0
9
akai
(ñ¢ìoò^)
555
1
19
0
200
108
0
1
4000
0
0
19
ÉgÉR
(ñ¢ìoò^)
555
6
0
0
200
365
0
4
0
0
0
11
îLñ⁄
(ñ¢ìoò^)
555
1
0
0
2400
709
0
2
4000
0
0
37
å¥ìcímê¢
(ñ¢ìoò^)
555
0
0
0
400
454
0
15
4000
0
0
