05030040c802000040c803064040c8030c8040c801000040c80000001000010001c064010000100001000010000100001000
040c8050260d04b01000040c805026040c801000040c80200000000000000100001000010000100001000010000100001000
0100001000010000100001000090000100001000010000000008000000000100000000000000000000000000012400000000
0100001000000010100001000090000900009000090000000107000070000000001000000000000000000290000900000001
0100001000090000900000001290000000100001000010100001000010000000001000290002900000000000012400000000
0100000000000012400000001000000000000000000000100001000010000100000000010000100029000000010000100000
0100000000000000000000000000000000000000010000100001000010002400000000010000100000001090000000100000
0100001000000000000000000290000000100000010000100001000010002400000000000000100000000240000000100000
010000000000000000000000109000000000100001000030c8040c8090730000100001090000000100000000000000000000
0000000000000000000000000000010000001000387d001000070001c0780100001000000010000100000000000000000000
0000000000000000000000000000000100001000010002200001000010000100000000000000000000000000000000000000
000010000100000000000000000000010000601e040c8010003a032010000900000001000000000000000000000000000000
090000100000000000010000100000000000100001000040c801000010002900000000000000000000000000000000000000
000010100000001000010900000001000000000124000010003a019010000100000000000000000000000000000000000001
0100029000000000000100001000000000101000010000100001000090000000100000000000000000000000000000109000
0100000000000000000000000000000000029000000010100001000000010000100000000000000000000000000000029000
010000000000000000000000000000000000000000000000000000000000000000000000000000000000000000000001626c
0100000000000000000000000000000000000000000000000000000000000000000000000000000001000010000100001000
1ffa000000000000000000000000000000000000000000000000000000000000000000000000100001000010000000129000
0100001000010000100000000000000000000000000000000000000000000000000000000000000001000010000100001000
101,0,0,0,0
101,0,0,0,0
101,0,0,0,0
101,0,0,0,0
101,0,0,0,0
101,0,0,0,0
101,0,0,0,0
101,0,0,0,0
101,0,0,0,0
101,0,0,0,0
101,0,0,0,0
101,0,0,0,0
101,0,0,0,0
101,0,0,0,0
101,0,0,0,0
101,0,0,0,0
101,0,0,0,0
101,0,0,0,0
101,0,0,0,0
101,0,0,0,0
101,0,0,0,0
101,0,0,0,0
101,0,0,0,0
101,0,0,0,0
101,0,0,0,0
101,0,0,0,0
101,0,0,0,0
101,0,0,0,0
101,0,0,0,0
101,0,0,0,0
101,0,0,0,0
101,0,0,0,0
101,0,0,0,0
101,0,0,0,0
101,0,0,0,0
101,0,0,0,0
101,0,0,0,0
101,0,0,0,0
101,0,0,0,0
101,0,0,0,0
0<<1>957：キッド>ここのサイトは一旦閉鎖いたします(&gt;_&lt;) 新しいサイトを送ります(&gt;_&lt;)
0<KID島<0>535：キッド>【結果】賛成４(時間指定欲しい：１)、反対０、お任せ１。
0<KID島<0>428：キッド>地石はそのままで大丈夫です！
0<KID島<0>366：キッド>人口50万人超えで出現する怪獣はレベルが低く、対策していれば問題なさそうです！
0<KID島<0>366：キッド>【全体周知】怪獣について
0<KID島<0>303：キッド>災難賞(&gt;_&lt;)
0<KID島<0>282：キッド>※危険怪獣※　「王蟲」「魔術師アールヴ」「魔王サタン」「アイススコーピオン」
0<KID島<0>255：キッド>人口５０万人を超えると『怪獣』が登場してくるので注意です！
0<KID島<0>72：キッド>10000ptプレゼントしておきました！
0<KID島<0>72：キッド>「食料輸出」はガッツリ数量９９にしても大丈夫ですよ！！
0<KID島<0>39：キッド>大学建設で、『総合大学』は農業と工業の生産量が２倍になるのでオススメです！
0<KID島<0>26：キッド>まずは『平地』に『農場』を作ってください！
0<<0>>
0<<0>>
0<<0>>
