0000000000000000000000000000000000000000000000000000000000000000000000000000000000000000000000000000
0000000000000000000000000000000000000000000000000000000000000000000000000000000000000000000000000000
0000000000000000000000000000000000000000000000000000000000000000000000000000000000000000000000000000
0000000000000000000000000000010100029000000000000000000000010000000000000000000000000000000000000000
0000000000000000000001000010000100001000000010000101000010000000100000000000000000000000000000000000
0000000000000000000101000010000100001000010000100001000010000100000000000000000000000000000000000000
0000024000010000100001000000010000101000010000100001000010000100000000000000000000000000000000000000
00000000000306401000010000000100000240000900503064010000500a0100001000000000000000000000000000000000
0000024000010000100001000000012400001000040c82200001000070000100014014000000000000000000000000000000
0000000000000010100001000010000100001000010000100001000010000100002000000000000000000000000000000000
0000000000000010100001000010000100001000010000900001000010000000000000000000000000000000000000000000
0000000000000010100001000010000100001000010000100001000010000100000000000000000000000000000000000000
0000100001000010100001000010000200001000040c80500a09005010001ffa000000000000000000000000000000000000
2400001000010000100001000010000000100000010000100001000010000200000000000000000000000000000000000000
0100001000010000100001000010000000101000010000100001000010000000000000000000000000000000000000000000
0000101000010000000002000010000000100000010000200001000010000000000000000000000000000000000000000000
0000101000010000000000000000000000000000000010000100000000000000000000000000000000000000000000000000
0000000001290000000000000000000000000000000000000000000000000000000000000000000000000000000000000000
0000000000000000000000000000000000000000000000000000000000000000000000000000000000000000000000000000
0000000000000000000000000000000000000000000000000000000000000000000000000000000000000000000000102000
101,0,0,0,0
101,0,0,0,0
101,0,0,0,0
101,0,0,0,0
101,0,0,0,0
101,0,0,0,0
101,0,0,0,0
101,0,0,0,0
101,0,0,0,0
101,0,0,0,0
101,0,0,0,0
101,0,0,0,0
101,0,0,0,0
101,0,0,0,0
101,0,0,0,0
101,0,0,0,0
101,0,0,0,0
101,0,0,0,0
101,0,0,0,0
101,0,0,0,0
101,0,0,0,0
101,0,0,0,0
101,0,0,0,0
101,0,0,0,0
101,0,0,0,0
101,0,0,0,0
101,0,0,0,0
101,0,0,0,0
101,0,0,0,0
101,0,0,0,0
101,0,0,0,0
101,0,0,0,0
101,0,0,0,0
101,0,0,0,0
101,0,0,0,0
101,0,0,0,0
101,0,0,0,0
101,0,0,0,0
101,0,0,0,0
101,0,0,0,0
0<<1>957：キッド>ここのサイトは一旦閉鎖いたします(&gt;_&lt;) 新しいサイトを送ります(&gt;_&lt;)
0<<0>>
0<<0>>
0<<0>>
0<<0>>
0<<0>>
0<<0>>
0<<0>>
0<<0>>
0<<0>>
0<<0>>
0<<0>>
0<<0>>
0<<0>>
0<<0>>
